N~{"10":"Cell: The Unit of Life","73":"The Living World","74":"Biological Classification","75":"Morphology of Flowering Plants","76":"Anatomy of Flowering Plants","77":"Cell Cycle and Cell Division","80":"Photosynthesis in Higher Plants","81":"Respiration in Plants","82":"Plant Growth and Development","9":"Plant Kingdom","105":"Organisms and Populations","106":"Biodiversity and Conservation","8":"Sexual Reproduction in Flowering Plants","93":"Principles of Inheritance and Variation","94":"Molecular Basis of Inheritance","96":"Microbes in Human Welfare","99":"Ecosystem","15":"Some Basic Concepts of Chemistry","44":"Structure of Atom","45":"Classification of Elements and Periodicity","46":"Chemical Bonding and Molecular Structure","48":"Thermodynamics","49":"Equilibrium","50":"Redox Reactions","53":"p-Block Elements (Class 11)","54":"Organic Chemistry: Basic Principles and Techniques","55":"Hydrocarbons","58":"Solutions","59":"Electrochemistry","60":"Chemical Kinetics","63":"p-Block Elements (Class 12)","64":"d- and f-Block Elements","65":"Coordination Compounds","66":"Haloalkanes and Haloarenes","67":"Alcohols Phenols and Ethers","68":"Aldehydes Ketones and Carboxylic Acids","69":"Amines","70":"Biomolecules","19":"Units and Measurements","20":"Motion in a Plane","21":"Laws of Motion","22":"Work Energy and Power","23":"System of Particles and Rotational Motion","24":"Gravitation","25":"Mechanical Properties of Solids","26":"Mechanical Properties of Fluids","27":"Thermal Properties of Matter","28":"Thermodynamics","29":"Kinetic Theory of Gases","3":"Motion in a Straight Line","30":"Oscillations","31":"Waves","12":"Electric Charges and Fields","13":"Wave Optics","18":"Ray Optics and Optical Instruments","32":"Electrostatic Potential and Capacitance","33":"Current Electricity","34":"Moving Charges and Magnetism","35":"Magnetism and Matter","36":"Electromagnetic Induction","37":"Alternating Current","38":"Electromagnetic Waves","39":"Dual Nature of Radiation and Matter","40":"Atoms","41":"Nuclei","42":"Semiconductor Electronics","11":"Biomolecules","83":"Animal Kingdom","84":"Structural Organisation in Animals","86":"Breathing and Exchange of Gases","87":"Body Fluids and Circulation","88":"Excretory Products and their Elimination","89":"Locomotion and Movement","90":"Neural Control and Coordination","91":"Chemical Coordination and Integration","100":"Human Reproduction","101":"Reproductive Health","102":"Evolution","103":"Human Health and Disease","97":"Biotechnology: Principles and Processes","98":"Biotechnology and its Applications"}
M~t01~1~part~11~Class 11 · Part 1~19,3,20,21|15,44,45|73,74,9|83,84
M~t02~2~part~11~Class 11 · Part 2~22,23,24|46,48,49|75,76|11,86
M~t03~3~combined~11~Class 11 · Parts 1 + 2~19,3,20,21,22,23,24|15,44,45,46,48,49|73,74,9,75,76|83,84,11,86
M~t04~4~part~11~Class 11 · Part 3~25,26,27,28|50,53|10,77|87,88
M~t05~5~part~11~Class 11 · Part 4~29,30,31|54,55|80,81,82|89,90,91
M~t06~6~combined~11~Class 11 · Parts 3 + 4~25,26,27,28,29,30,31|50,53,54,55|10,77,80,81,82|87,88,89,90,91
M~t07~7~class~11~Class 11 · Full Class 11~19,3,20,21,22,23,24,25,26,27,28,29,30,31|15,44,45,46,48,49,50,53,54,55|73,74,9,75,76,10,77,80,81,82|83,84,11,86,87,88,89,90,91
M~t08~8~class~11~Class 11 · Full Class 11~19,3,20,21,22,23,24,25,26,27,28,29,30,31|15,44,45,46,48,49,50,53,54,55|73,74,9,75,76,10,77,80,81,82|83,84,11,86,87,88,89,90,91
M~t09~9~part~12~Class 12 · Part 1~12,32,33|58,59,60|8,93|100,101
M~t10~10~part~12~Class 12 · Part 2~34,35,36,37|63,64,65|94|102
M~t11~11~combined~12~Class 12 · Parts 1 + 2~12,32,33,34,35,36,37|58,59,60,63,64,65|8,93,94|100,101,102
M~t12~12~part~12~Class 12 · Part 3~38,18,13|66,67|96,105|103
M~t13~13~part~12~Class 12 · Part 4~39,40,41,42|68,69,70|99,106|97,98
M~t14~14~combined~12~Class 12 · Parts 3 + 4~38,18,13,39,40,41,42|66,67,68,69,70|96,105,99,106|103,97,98
M~t15~15~class~12~Class 12 · Full Class 12~12,32,33,34,35,36,37,38,18,13,39,40,41,42|58,59,60,63,64,65,66,67,68,69,70|8,93,94,96,105,99,106|100,101,102,103,97,98
M~t16~16~class~12~Class 12 · Full Class 12~12,32,33,34,35,36,37,38,18,13,39,40,41,42|58,59,60,63,64,65,66,67,68,69,70|8,93,94,96,105,99,106|100,101,102,103,97,98
M~t17~17~full~0~Full Syllabus · Test 01 of 30~19,20,21,22,23,24,25,26,27,28,29,3,30,31,12,13,18,32,33,34,35,36,37,38,39,40,41,42|15,44,45,46,48,49,50,53,54,55,58,59,60,63,64,65,66,67,68,69,70|10,73,74,75,76,77,80,81,82,9,105,106,8,93,94,96,99|11,83,84,86,87,88,89,90,91,100,101,102,103,97,98
M~t18~18~full~0~Full Syllabus · Test 02 of 30~19,20,21,22,23,24,25,26,27,28,29,3,30,31,12,13,18,32,33,34,35,36,37,38,39,40,41,42|15,44,45,46,48,49,50,53,54,55,58,59,60,63,64,65,66,67,68,69,70|10,73,74,75,76,77,80,81,82,9,105,106,8,93,94,96,99|11,83,84,86,87,88,89,90,91,100,101,102,103,97,98
M~t19~19~full~0~Full Syllabus · Test 03 of 30~19,20,21,22,23,24,25,26,27,28,29,3,30,31,12,13,18,32,33,34,35,36,37,38,39,40,41,42|15,44,45,46,48,49,50,53,54,55,58,59,60,63,64,65,66,67,68,69,70|10,73,74,75,76,77,80,81,82,9,105,106,8,93,94,96,99|11,83,84,86,87,88,89,90,91,100,101,102,103,97,98
M~t20~20~full~0~Full Syllabus · Test 04 of 30~19,20,21,22,23,24,25,26,27,28,29,3,30,31,12,13,18,32,33,34,35,36,37,38,39,40,41,42|15,44,45,46,48,49,50,53,54,55,58,59,60,63,64,65,66,67,68,69,70|10,73,74,75,76,77,80,81,82,9,105,106,8,93,94,96,99|11,83,84,86,87,88,89,90,91,100,101,102,103,97,98
M~t21~21~full~0~Full Syllabus · Test 05 of 30~19,20,21,22,23,24,25,26,27,28,29,3,30,31,12,13,18,32,33,34,35,36,37,38,39,40,41,42|15,44,45,46,48,49,50,53,54,55,58,59,60,63,64,65,66,67,68,69,70|10,73,74,75,76,77,80,81,82,9,105,106,8,93,94,96,99|11,83,84,86,87,88,89,90,91,100,101,102,103,97,98
M~t22~22~full~0~Full Syllabus · Test 06 of 30~19,20,21,22,23,24,25,26,27,28,29,3,30,31,12,13,18,32,33,34,35,36,37,38,39,40,41,42|15,44,45,46,48,49,50,53,54,55,58,59,60,63,64,65,66,67,68,69,70|10,73,74,75,76,77,80,81,82,9,105,106,8,93,94,96,99|11,83,84,86,87,88,89,90,91,100,101,102,103,97,98
M~t23~23~full~0~Full Syllabus · Test 07 of 30~19,20,21,22,23,24,25,26,27,28,29,3,30,31,12,13,18,32,33,34,35,36,37,38,39,40,41,42|15,44,45,46,48,49,50,53,54,55,58,59,60,63,64,65,66,67,68,69,70|10,73,74,75,76,77,80,81,82,9,105,106,8,93,94,96,99|11,83,84,86,87,88,89,90,91,100,101,102,103,97,98
M~t24~24~full~0~Full Syllabus · Test 08 of 30~19,20,21,22,23,24,25,26,27,28,29,3,30,31,12,13,18,32,33,34,35,36,37,38,39,40,41,42|15,44,45,46,48,49,50,53,54,55,58,59,60,63,64,65,66,67,68,69,70|10,73,74,75,76,77,80,81,82,9,105,106,8,93,94,96,99|11,83,84,86,87,88,89,90,91,100,101,102,103,97,98
M~t25~25~full~0~Full Syllabus · Test 09 of 30~19,20,21,22,23,24,25,26,27,28,29,3,30,31,12,13,18,32,33,34,35,36,37,38,39,40,41,42|15,44,45,46,48,49,50,53,54,55,58,59,60,63,64,65,66,67,68,69,70|10,73,74,75,76,77,80,81,82,9,105,106,8,93,94,96,99|11,83,84,86,87,88,89,90,91,100,101,102,103,97,98
M~t26~26~full~0~Full Syllabus · Test 10 of 30~19,20,21,22,23,24,25,26,27,28,29,3,30,31,12,13,18,32,33,34,35,36,37,38,39,40,41,42|15,44,45,46,48,49,50,53,54,55,58,59,60,63,64,65,66,67,68,69,70|10,73,74,75,76,77,80,81,82,9,105,106,8,93,94,96,99|11,83,84,86,87,88,89,90,91,100,101,102,103,97,98
M~t27~27~full~0~Full Syllabus · Test 11 of 30~19,20,21,22,23,24,25,26,27,28,29,3,30,31,12,13,18,32,33,34,35,36,37,38,39,40,41,42|15,44,45,46,48,49,50,53,54,55,58,59,60,63,64,65,66,67,68,69,70|10,73,74,75,76,77,80,81,82,9,105,106,8,93,94,96,99|11,83,84,86,87,88,89,90,91,100,101,102,103,97,98
M~t28~28~full~0~Full Syllabus · Test 12 of 30~19,20,21,22,23,24,25,26,27,28,29,3,30,31,12,13,18,32,33,34,35,36,37,38,39,40,41,42|15,44,45,46,48,49,50,53,54,55,58,59,60,63,64,65,66,67,68,69,70|10,73,74,75,76,77,80,81,82,9,105,106,8,93,94,96,99|11,83,84,86,87,88,89,90,91,100,101,102,103,97,98
M~t29~29~full~0~Full Syllabus · Test 13 of 30~19,20,21,22,23,24,25,26,27,28,29,3,30,31,12,13,18,32,33,34,35,36,37,38,39,40,41,42|15,44,45,46,48,49,50,53,54,55,58,59,60,63,64,65,66,67,68,69,70|10,73,74,75,76,77,80,81,82,9,105,106,8,93,94,96,99|11,83,84,86,87,88,89,90,91,100,101,102,103,97,98
M~t30~30~full~0~Full Syllabus · Test 14 of 30~19,20,21,22,23,24,25,26,27,28,29,3,30,31,12,13,18,32,33,34,35,36,37,38,39,40,41,42|15,44,45,46,48,49,50,53,54,55,58,59,60,63,64,65,66,67,68,69,70|10,73,74,75,76,77,80,81,82,9,105,106,8,93,94,96,99|11,83,84,86,87,88,89,90,91,100,101,102,103,97,98
M~t31~31~full~0~Full Syllabus · Test 15 of 30~19,20,21,22,23,24,25,26,27,28,29,3,30,31,12,13,18,32,33,34,35,36,37,38,39,40,41,42|15,44,45,46,48,49,50,53,54,55,58,59,60,63,64,65,66,67,68,69,70|10,73,74,75,76,77,80,81,82,9,105,106,8,93,94,96,99|11,83,84,86,87,88,89,90,91,100,101,102,103,97,98
M~t32~32~full~0~Full Syllabus · Test 16 of 30~19,20,21,22,23,24,25,26,27,28,29,3,30,31,12,13,18,32,33,34,35,36,37,38,39,40,41,42|15,44,45,46,48,49,50,53,54,55,58,59,60,63,64,65,66,67,68,69,70|10,73,74,75,76,77,80,81,82,9,105,106,8,93,94,96,99|11,83,84,86,87,88,89,90,91,100,101,102,103,97,98
M~t33~33~full~0~Full Syllabus · Test 17 of 30~19,20,21,22,23,24,25,26,27,28,29,3,30,31,12,13,18,32,33,34,35,36,37,38,39,40,41,42|15,44,45,46,48,49,50,53,54,55,58,59,60,63,64,65,66,67,68,69,70|10,73,74,75,76,77,80,81,82,9,105,106,8,93,94,96,99|11,83,84,86,87,88,89,90,91,100,101,102,103,97,98
M~t34~34~full~0~Full Syllabus · Test 18 of 30~19,20,21,22,23,24,25,26,27,28,29,3,30,31,12,13,18,32,33,34,35,36,37,38,39,40,41,42|15,44,45,46,48,49,50,53,54,55,58,59,60,63,64,65,66,67,68,69,70|10,73,74,75,76,77,80,81,82,9,105,106,8,93,94,96,99|11,83,84,86,87,88,89,90,91,100,101,102,103,97,98
M~t35~35~full~0~Full Syllabus · Test 19 of 30~19,20,21,22,23,24,25,26,27,28,29,3,30,31,12,13,18,32,33,34,35,36,37,38,39,40,41,42|15,44,45,46,48,49,50,53,54,55,58,59,60,63,64,65,66,67,68,69,70|10,73,74,75,76,77,80,81,82,9,105,106,8,93,94,96,99|11,83,84,86,87,88,89,90,91,100,101,102,103,97,98
M~t36~36~full~0~Full Syllabus · Test 20 of 30~19,20,21,22,23,24,25,26,27,28,29,3,30,31,12,13,18,32,33,34,35,36,37,38,39,40,41,42|15,44,45,46,48,49,50,53,54,55,58,59,60,63,64,65,66,67,68,69,70|10,73,74,75,76,77,80,81,82,9,105,106,8,93,94,96,99|11,83,84,86,87,88,89,90,91,100,101,102,103,97,98
M~t37~37~full~0~Full Syllabus · Test 21 of 30~19,20,21,22,23,24,25,26,27,28,29,3,30,31,12,13,18,32,33,34,35,36,37,38,39,40,41,42|15,44,45,46,48,49,50,53,54,55,58,59,60,63,64,65,66,67,68,69,70|10,73,74,75,76,77,80,81,82,9,105,106,8,93,94,96,99|11,83,84,86,87,88,89,90,91,100,101,102,103,97,98
M~t38~38~full~0~Full Syllabus · Test 22 of 30~19,20,21,22,23,24,25,26,27,28,29,3,30,31,12,13,18,32,33,34,35,36,37,38,39,40,41,42|15,44,45,46,48,49,50,53,54,55,58,59,60,63,64,65,66,67,68,69,70|10,73,74,75,76,77,80,81,82,9,105,106,8,93,94,96,99|11,83,84,86,87,88,89,90,91,100,101,102,103,97,98
M~t39~39~full~0~Full Syllabus · Test 23 of 30~19,20,21,22,23,24,25,26,27,28,29,3,30,31,12,13,18,32,33,34,35,36,37,38,39,40,41,42|15,44,45,46,48,49,50,53,54,55,58,59,60,63,64,65,66,67,68,69,70|10,73,74,75,76,77,80,81,82,9,105,106,8,93,94,96,99|11,83,84,86,87,88,89,90,91,100,101,102,103,97,98
M~t40~40~full~0~Full Syllabus · Test 24 of 30~19,20,21,22,23,24,25,26,27,28,29,3,30,31,12,13,18,32,33,34,35,36,37,38,39,40,41,42|15,44,45,46,48,49,50,53,54,55,58,59,60,63,64,65,66,67,68,69,70|10,73,74,75,76,77,80,81,82,9,105,106,8,93,94,96,99|11,83,84,86,87,88,89,90,91,100,101,102,103,97,98
M~t41~41~full~0~Full Syllabus · Test 25 of 30~19,20,21,22,23,24,25,26,27,28,29,3,30,31,12,13,18,32,33,34,35,36,37,38,39,40,41,42|15,44,45,46,48,49,50,53,54,55,58,59,60,63,64,65,66,67,68,69,70|10,73,74,75,76,77,80,81,82,9,105,106,8,93,94,96,99|11,83,84,86,87,88,89,90,91,100,101,102,103,97,98
M~t42~42~full~0~Full Syllabus · Test 26 of 30~19,20,21,22,23,24,25,26,27,28,29,3,30,31,12,13,18,32,33,34,35,36,37,38,39,40,41,42|15,44,45,46,48,49,50,53,54,55,58,59,60,63,64,65,66,67,68,69,70|10,73,74,75,76,77,80,81,82,9,105,106,8,93,94,96,99|11,83,84,86,87,88,89,90,91,100,101,102,103,97,98
M~t43~43~full~0~Full Syllabus · Test 27 of 30~19,20,21,22,23,24,25,26,27,28,29,3,30,31,12,13,18,32,33,34,35,36,37,38,39,40,41,42|15,44,45,46,48,49,50,53,54,55,58,59,60,63,64,65,66,67,68,69,70|10,73,74,75,76,77,80,81,82,9,105,106,8,93,94,96,99|11,83,84,86,87,88,89,90,91,100,101,102,103,97,98
M~t44~44~full~0~Full Syllabus · Test 28 of 30~19,20,21,22,23,24,25,26,27,28,29,3,30,31,12,13,18,32,33,34,35,36,37,38,39,40,41,42|15,44,45,46,48,49,50,53,54,55,58,59,60,63,64,65,66,67,68,69,70|10,73,74,75,76,77,80,81,82,9,105,106,8,93,94,96,99|11,83,84,86,87,88,89,90,91,100,101,102,103,97,98
M~t45~45~full~0~Full Syllabus · Test 29 of 30~19,20,21,22,23,24,25,26,27,28,29,3,30,31,12,13,18,32,33,34,35,36,37,38,39,40,41,42|15,44,45,46,48,49,50,53,54,55,58,59,60,63,64,65,66,67,68,69,70|10,73,74,75,76,77,80,81,82,9,105,106,8,93,94,96,99|11,83,84,86,87,88,89,90,91,100,101,102,103,97,98
M~t46~46~full~0~Full Syllabus · Test 30 of 30~19,20,21,22,23,24,25,26,27,28,29,3,30,31,12,13,18,32,33,34,35,36,37,38,39,40,41,42|15,44,45,46,48,49,50,53,54,55,58,59,60,63,64,65,66,67,68,69,70|10,73,74,75,76,77,80,81,82,9,105,106,8,93,94,96,99|11,83,84,86,87,88,89,90,91,100,101,102,103,97,98
C~t01~physics~21:6,6,2|19:4,5,2|20:4,5,2|3:4,4,1
C~t01~chemistry~44:7,8,3|15:6,6,2|45:5,6,2
C~t01~botany~9:9,9,3|74:7,8,3|73:2,3,1
C~t01~zoology~83:13,15,5|84:5,5,2
C~t02~physics~22:7,8,3|24:7,7,2|23:4,5,2
C~t02~chemistry~46:6,7,3|49:7,7,2|48:5,6,2
C~t02~botany~75:12,13,5|76:6,7,2
C~t02~zoology~11:11,12,4|86:7,8,3
C~t03~physics~22:3,3,2|21:3,3,1|24:2,3,2|19:2,3,1|20:2,3,1|23:2,3,1|3:2,2,1
C~t03~chemistry~46:3,4,2|49:3,4,2|44:3,4,1|48:3,3,1|15:2,3,1|45:2,2,2
C~t03~botany~9:5,6,2|74:4,5,2|75:4,5,2|76:2,2,2|73:1,2,1
C~t03~zoology~83:6,7,3|11:5,6,3|86:3,4,2|84:2,3,1
C~t04~physics~26:6,7,3|27:5,5,2|28:4,4,1|25:3,4,1
C~t04~chemistry~53:9,10,4|50:9,10,3
C~t04~botany~10:10,12,4|77:8,8,3
C~t04~zoology~87:10,11,4|88:8,9,3
C~t05~physics~31:8,8,3|29:5,7,2|30:5,5,2
C~t05~chemistry~55:10,11,4|54:8,9,3
C~t05~botany~80:7,8,3|82:6,6,2|81:5,6,2
C~t05~zoology~91:9,10,3|90:5,6,2|89:4,4,2
C~t06~physics~26:4,4,2|27:3,3,1|31:2,3,2|28:2,3,1|25:2,2,1|29:2,2,1|30:1,3,1
C~t06~chemistry~55:5,7,3|54:5,6,2|53:3,4,2|50:3,3,2
C~t06~botany~10:4,5,3|80:4,4,2|77:3,4,2|81:3,3,1|82:2,4,1
C~t06~zoology~87:4,5,3|91:4,6,2|88:3,4,2|90:3,3,1|89:2,2,1
C~t07~physics~22:2,2,1|21:1,2,1|24:1,2,1|26:1,2,1|19:1,1,1|3:1,1,1|20:1,2,0|23:1,1,1|27:1,2,0|28:1,1,1|29:1,2,0|31:1,1,1|25:1,1,0|30:1,1,0
C~t07~chemistry~46:2,3,1|49:2,3,1|44:2,2,1|48:2,2,1|55:2,2,1|15:1,2,1|45:1,2,1|54:1,2,1|50:1,2,0|53:1,1,1
C~t07~botany~9:2,3,2|74:2,3,1|75:2,3,1|10:2,3,1|80:2,2,1|77:1,2,1|76:1,1,1|81:1,2,0|82:1,1,1|73:1,1,0
C~t07~zoology~83:3,4,2|11:2,3,2|87:2,3,1|86:2,2,1|88:2,2,1|91:1,3,1|84:1,2,0|90:1,1,1|89:1,1,0
C~t08~physics~22:2,2,1|21:1,2,1|24:1,2,1|26:1,2,1|19:1,1,1|3:1,1,1|20:1,2,0|23:1,1,1|27:1,2,0|28:1,1,1|29:1,2,0|31:1,1,1|25:1,1,0|30:1,1,0
C~t08~chemistry~46:2,3,1|49:2,3,1|44:2,2,1|48:2,2,1|55:2,2,1|15:1,2,1|45:1,2,1|54:1,2,1|50:1,2,0|53:1,1,1
C~t08~botany~9:2,3,2|74:2,3,1|75:2,3,1|10:2,3,1|80:2,2,1|77:1,2,1|76:1,1,1|81:1,2,0|82:1,1,1|73:1,1,0
C~t08~zoology~83:3,4,2|11:2,3,2|87:2,3,1|86:2,2,1|88:2,2,1|91:1,3,1|84:1,2,0|90:1,1,1|89:1,1,0
C~t09~physics~33:8,8,3|32:6,7,2|12:4,5,2
C~t09~chemistry~58:6,7,3|59:6,7,2|60:6,6,2
C~t09~botany~93:10,12,4|8:8,8,3
C~t09~zoology~100:11,12,4|101:7,8,3
C~t10~physics~34:7,7,3|37:4,5,2|36:4,4,1|35:3,4,1
C~t10~chemistry~63:6,7,3|65:6,7,2|64:6,6,2
C~t10~botany~94:18,20,7
C~t10~zoology~102:18,20,7
C~t11~physics~33:4,4,2|34:3,4,1|32:2,3,2|37:2,3,1|12:2,2,1|36:2,2,1|35:1,2,1
C~t11~chemistry~58:3,3,2|63:3,4,1|65:3,3,2|59:3,3,1|60:2,4,1|64:2,3,2
C~t11~botany~94:6,8,4|93:6,7,3|8:4,5,2
C~t11~zoology~100:7,8,4|102:5,6,3|101:4,6,2
C~t12~physics~18:9,10,3|13:6,6,3|38:3,4,1
C~t12~chemistry~67:9,11,4|66:9,9,3
C~t12~botany~105:10,12,4|96:8,8,3
C~t12~zoology~103:18,20,7
C~t13~physics~39:5,6,2|41:5,6,2|40:4,4,2|42:4,4,1
C~t13~chemistry~68:8,8,3|70:5,7,2|69:5,5,2
C~t13~botany~106:9,11,4|99:9,9,3
C~t13~zoology~97:11,12,4|98:7,8,3
C~t14~physics~18:3,4,2|13:3,3,1|39:2,3,2|41:3,3,1|40:2,3,1|42:2,2,1|38:1,2,1
C~t14~chemistry~68:4,5,2|67:4,4,2|66:3,4,2|70:3,4,1|69:2,3,2
C~t14~botany~105:5,7,3|106:4,5,2|96:4,4,2|99:3,4,2
C~t14~zoology~103:7,8,4|97:6,7,3|98:3,5,2
C~t15~physics~33:2,3,1|34:2,2,1|32:1,2,1|18:1,2,1|12:1,1,1|36:1,1,1|37:1,2,0|13:1,1,1|39:1,2,0|41:1,1,1|35:1,1,0|38:1,1,0|40:1,1,0|42:0,1,1
C~t15~chemistry~63:2,2,1|65:2,2,1|68:2,2,1|58:1,2,1|59:1,2,1|60:1,2,1|64:1,2,1|66:1,2,1|67:2,2,0|69:1,2,0|70:1,1,1
C~t15~botany~94:4,5,2|93:3,4,2|8:2,3,2|105:2,3,1|96:1,2,1|99:2,2,0|106:1,2,1
C~t15~zoology~100:3,4,2|103:3,4,2|97:3,4,2|102:2,4,1|101:2,3,1|98:2,2,1
C~t16~physics~33:2,3,1|34:2,2,1|32:1,2,1|18:1,2,1|12:1,1,1|36:1,1,1|37:1,2,0|13:1,1,1|39:1,2,0|41:1,1,1|35:1,1,0|38:1,1,0|40:1,1,0|42:0,1,1
C~t16~chemistry~63:2,2,1|65:2,2,1|68:2,2,1|58:1,2,1|59:1,2,1|60:1,2,1|64:1,2,1|66:1,2,1|67:2,2,0|69:1,2,0|70:1,1,1
C~t16~botany~94:4,5,2|93:3,4,2|8:2,3,2|105:2,3,1|96:1,2,1|99:2,2,0|106:1,2,1
C~t16~zoology~100:3,4,2|103:3,4,2|97:3,4,2|102:2,4,1|101:2,3,1|98:2,2,1
C~t17~physics~33:1,1,1|34:1,1,1|20:1,1,0|21:1,1,0|22:1,1,0|24:1,1,0|26:0,1,1|27:1,1,0|31:0,1,1|12:1,1,0|18:0,1,1|32:1,1,0|37:0,1,1|39:1,1,0|41:0,1,1|19:0,1,0|23:0,1,0|25:0,1,0|28:0,1,0|29:1,0,0|3:0,1,0|30:0,0,1|13:1,0,0|35:0,1,0|36:0,0,1|38:1,0,0|40:0,1,0|42:0,0,1
C~t17~chemistry~46:1,1,1|49:1,1,1|63:1,1,1|65:1,1,1|68:1,2,0|15:1,1,0|44:1,1,0|45:1,1,0|48:0,1,1|54:1,1,0|55:0,1,1|58:1,1,0|59:0,1,1|60:1,1,0|64:0,1,1|66:1,1,0|67:0,1,1|69:1,1,0|70:0,2,0|50:0,1,0|53:0,0,1
C~t17~botany~93:1,3,1|94:2,2,1|10:1,1,1|74:1,1,1|75:1,1,1|9:1,2,0|105:1,1,1|8:1,2,0|76:1,1,0|77:0,1,1|80:1,1,0|81:0,1,1|82:1,1,0|106:0,1,1|96:1,1,0|99:0,1,1|73:0,1,0
C~t17~zoology~100:1,3,1|103:2,2,1|83:1,2,1|102:1,2,1|97:1,2,1|11:1,1,1|87:1,1,1|101:1,2,0|98:1,1,1|84:1,1,0|86:1,1,0|88:0,1,1|90:1,1,0|91:0,1,1|89:0,1,0
C~t18~physics~22:1,1,1|33:1,1,1|19:1,1,0|21:1,1,0|23:1,1,0|24:1,1,0|26:0,1,1|28:1,1,0|3:0,1,1|13:1,1,0|18:0,1,1|32:1,1,0|34:0,1,1|36:1,1,0|40:0,1,1|20:0,1,0|25:0,1,0|27:0,1,0|29:0,1,0|30:1,0,0|31:0,1,0|12:0,0,1|35:1,0,0|37:0,1,0|38:0,0,1|39:1,0,0|41:0,1,0|42:0,0,1
C~t18~chemistry~44:1,1,1|58:1,1,1|59:1,1,1|64:1,1,1|67:1,2,0|15:1,1,0|46:1,1,0|48:1,1,0|49:0,1,1|53:1,1,0|54:0,1,1|55:1,1,0|60:0,1,1|63:1,1,0|65:0,1,1|66:1,1,0|68:0,1,1|69:1,1,0|70:0,2,0|45:0,1,0|50:0,0,1
C~t18~botany~94:2,3,1|9:1,2,1|8:1,2,1|93:1,2,1|10:1,1,1|74:1,1,1|75:1,2,0|80:1,1,1|105:1,2,0|77:1,1,0|82:0,1,1|106:1,1,0|96:0,1,1|73:0,1,0|76:1,0,0|81:0,1,0|99:0,0,1
C~t18~zoology~83:1,3,1|100:2,2,1|97:2,2,1|11:1,2,1|103:1,2,1|86:1,1,1|91:1,1,1|101:1,2,0|102:1,1,1|98:1,2,0|87:0,1,1|88:1,1,0|84:0,1,0|89:0,1,0|90:0,0,1
C~t19~physics~33:1,1,1|34:1,1,1|20:1,1,0|21:1,1,0|22:1,1,0|24:1,1,0|26:0,1,1|27:1,1,0|31:0,1,1|12:1,1,0|18:0,1,1|32:1,1,0|37:0,1,1|39:1,1,0|41:0,1,1|42:1,1,0|19:0,1,0|23:0,1,0|25:0,1,0|28:0,1,0|29:0,0,1|3:1,0,0|30:0,1,0|13:0,0,1|35:1,0,0|36:0,1,0|40:0,0,1
C~t19~chemistry~46:1,1,1|49:1,1,1|55:1,1,1|63:1,1,1|65:1,2,0|68:1,2,0|44:1,1,0|45:1,1,0|48:0,1,1|50:1,1,0|54:0,1,1|58:1,1,0|59:0,1,1|60:1,1,0|64:0,1,1|66:1,1,0|67:0,1,1|70:1,1,0|15:0,1,0|53:0,1,0|69:0,0,1
C~t19~botany~93:1,3,1|94:2,2,1|10:1,1,1|74:1,1,1|75:1,1,1|77:1,2,0|9:1,1,1|8:1,2,0|76:1,1,0|80:0,1,1|81:1,1,0|82:0,1,1|105:1,1,0|106:0,1,1|96:1,1,0|99:0,1,1|73:0,1,0
C~t19~zoology~103:1,3,1|97:2,2,1|83:1,2,1|100:1,2,1|102:1,2,1|11:1,1,1|87:1,1,1|91:1,2,0|101:1,1,1|84:1,1,0|86:1,1,0|88:0,1,1|90:1,1,0|98:0,1,1|89:0,1,0
C~t20~physics~32:1,1,1|19:1,1,0|21:1,1,0|22:1,1,0|23:1,1,0|24:0,1,1|26:1,1,0|29:0,1,1|13:1,1,0|18:0,1,1|33:1,1,0|34:0,1,1|35:1,1,0|36:0,1,1|37:1,1,0|39:0,1,1|20:0,1,0|25:0,1,0|27:0,1,0|28:1,0,0|3:0,1,0|30:0,0,1|31:1,0,0|12:0,1,0|38:0,0,1|40:1,0,0|41:0,1,0|42:0,0,1
C~t20~chemistry~48:1,1,1|49:1,1,1|58:1,1,1|63:1,1,1|64:1,2,0|68:1,2,0|15:1,1,0|44:1,1,0|45:0,1,1|46:1,1,0|55:0,1,1|59:1,1,0|60:0,1,1|65:1,1,0|66:0,1,1|67:1,1,0|69:0,1,1|70:1,1,0|50:0,1,0|53:0,1,0|54:0,0,1
C~t20~botany~94:2,3,1|93:1,2,1|10:1,1,1|74:1,1,1|75:1,1,1|80:1,2,0|9:1,1,1|105:1,2,0|8:1,1,1|76:1,1,0|77:0,1,1|81:1,1,0|106:0,1,1|96:1,1,0|99:0,2,0|73:0,1,0|82:0,0,1
C~t20~zoology~100:1,3,1|103:2,2,1|11:1,2,1|83:1,2,1|101:1,2,1|97:1,2,1|88:1,1,1|102:1,1,1|98:1,2,0|86:1,1,0|87:1,1,0|89:0,1,1|91:1,1,0|84:0,1,0|90:0,0,1
C~t21~physics~33:1,1,1|34:1,1,1|20:1,1,0|21:1,1,0|22:1,1,0|24:1,1,0|26:0,1,1|27:1,1,0|3:0,1,1|31:1,1,0|12:0,1,1|18:1,1,0|32:0,1,1|37:1,1,0|41:0,1,1|19:0,1,0|23:0,1,0|25:0,1,0|28:0,1,0|29:1,0,0|30:0,1,0|13:0,0,1|35:1,0,0|36:0,1,0|38:0,0,1|39:1,0,0|40:0,1,0|42:0,0,1
C~t21~chemistry~44:1,1,1|46:1,1,1|49:1,1,1|65:1,1,1|68:1,2,0|15:1,1,0|48:1,1,0|53:1,1,0|54:0,1,1|55:1,1,0|58:0,1,1|59:1,1,0|60:0,1,1|63:1,1,0|64:0,1,1|66:1,1,0|67:0,1,1|69:1,1,0|70:0,2,0|45:0,1,0|50:0,0,1
C~t21~botany~93:1,3,1|94:2,2,1|9:1,2,1|8:1,2,1|10:1,1,1|74:1,1,1|75:1,2,0|105:1,1,1|77:1,1,0|80:1,1,0|82:0,1,1|106:1,1,0|96:0,1,1|99:1,1,0|73:0,1,0|76:0,1,0|81:0,0,1
C~t21~zoology~97:1,3,1|83:1,2,1|100:1,2,1|102:1,2,1|103:1,2,1|11:1,1,1|87:1,1,1|91:1,2,0|101:1,1,1|98:1,2,0|84:1,1,0|86:1,1,0|88:0,1,1|90:1,1,0|89:0,0,1
C~t22~physics~22:1,1,1|33:1,1,1|19:1,1,0|21:1,1,0|23:1,1,0|24:1,1,0|26:0,1,1|31:1,1,0|12:0,1,1|13:1,1,0|18:0,1,1|32:1,1,0|34:0,1,1|39:1,1,0|40:0,1,1|20:0,1,0|25:0,1,0|27:0,1,0|28:0,1,0|29:1,0,0|3:0,1,0|30:0,0,1|35:1,0,0|36:0,1,0|37:0,0,1|38:1,0,0|41:0,1,0|42:0,0,1
C~t22~chemistry~46:1,1,1|59:1,1,1|60:1,1,1|63:1,1,1|65:1,2,0|67:1,2,0|15:1,1,0|44:1,1,0|45:0,1,1|48:1,1,0|49:0,1,1|54:1,1,0|55:0,1,1|58:1,1,0|64:0,1,1|66:1,1,0|68:0,1,1|70:1,1,0|50:0,1,0|53:0,1,0|69:0,0,1
C~t22~botany~94:2,3,1|93:1,2,1|10:1,1,1|74:1,1,1|75:1,1,1|9:1,2,0|105:1,1,1|8:1,2,0|76:1,1,0|77:0,1,1|80:1,1,0|81:0,1,1|82:1,1,0|106:0,1,1|96:1,1,0|99:0,1,1|73:0,1,0
C~t22~zoology~83:1,3,1|100:2,2,1|103:2,2,1|97:1,2,1|11:1,1,1|86:1,1,1|87:1,2,0|101:1,1,1|102:1,2,0|98:0,2,1|84:1,1,0|88:0,1,1|91:1,1,0|89:0,1,0|90:0,0,1
C~t23~physics~33:1,1,1|34:1,1,1|20:1,1,0|21:1,1,0|22:1,1,0|24:1,1,0|26:0,1,1|27:1,1,0|28:0,1,1|18:1,1,0|32:0,1,1|36:1,1,0|37:0,1,1|39:1,1,0|41:0,1,1|19:0,1,0|23:0,1,0|25:0,1,0|29:0,1,0|3:1,0,0|30:0,1,0|31:0,0,1|12:1,0,0|13:0,1,0|35:0,0,1|38:1,0,0|40:0,1,0|42:0,0,1
C~t23~chemistry~49:1,1,1|58:1,1,1|63:1,1,1|64:1,1,1|68:1,2,0|44:1,1,0|45:1,1,0|46:1,1,0|48:0,1,1|50:1,1,0|54:0,1,1|55:1,1,0|59:0,1,1|60:1,1,0|65:0,1,1|66:1,1,0|67:0,1,1|69:1,1,0|70:0,2,0|15:0,1,0|53:0,0,1
C~t23~botany~93:1,3,1|94:2,2,1|10:1,1,1|74:1,1,1|75:1,1,1|80:1,2,0|9:1,1,1|105:1,2,0|8:1,1,1|96:1,2,0|77:0,1,1|81:1,1,0|82:0,1,1|106:1,1,0|73:0,1,0|76:0,1,0|99:0,0,1
C~t23~zoology~100:1,3,1|103:2,2,1|97:2,2,1|11:1,2,1|83:1,2,1|102:1,2,1|91:1,1,1|101:1,2,0|86:1,1,0|87:0,1,1|88:1,1,0|90:0,1,1|98:1,1,0|84:0,1,0|89:0,0,1
C~t24~physics~33:1,1,1|19:1,1,0|21:1,1,0|22:1,1,0|23:1,1,0|26:0,1,1|27:1,1,0|3:0,1,1|31:1,1,0|12:0,1,1|13:1,1,0|18:0,1,1|32:1,1,0|34:0,1,1|37:1,1,0|41:0,1,1|42:1,1,0|20:0,1,0|24:0,1,0|25:0,1,0|28:0,0,1|29:1,0,0|30:0,1,0|35:0,0,1|36:1,0,0|39:0,1,0|40:0,0,1
C~t24~chemistry~46:1,1,1|49:1,1,1|63:1,1,1|65:1,1,1|68:1,2,0|15:1,1,0|44:1,1,0|45:1,1,0|48:0,1,1|53:1,1,0|55:0,1,1|58:1,1,0|59:0,1,1|60:1,1,0|64:0,1,1|66:1,1,0|67:0,1,1|69:1,1,0|70:0,2,0|50:0,1,0|54:0,0,1
C~t24~botany~94:2,3,1|93:1,3,1|10:1,1,1|75:1,1,1|9:1,1,1|105:1,1,1|8:1,2,0|74:1,1,0|76:1,1,0|77:0,1,1|80:1,1,0|81:0,1,1|82:1,1,0|106:0,1,1|96:1,1,0|99:0,1,1|73:0,1,0
C~t24~zoology~100:1,3,1|103:2,2,1|83:1,2,1|102:1,2,1|97:1,2,1|11:1,1,1|87:1,1,1|101:1,2,0|98:1,1,1|84:1,1,0|86:1,1,0|88:0,1,1|90:1,1,0|91:0,1,1|89:0,1,0
C~t25~physics~26:1,1,1|33:1,1,1|34:1,1,1|20:1,1,0|21:1,1,0|22:1,1,0|24:1,1,0|29:0,1,1|18:1,1,0|32:0,1,1|35:1,1,0|36:0,1,1|39:1,1,0|40:0,1,1|19:0,1,0|23:0,1,0|25:0,1,0|27:0,1,0|28:0,1,0|3:1,0,0|30:0,1,0|31:0,0,1|12:1,0,0|13:0,1,0|37:0,0,1|38:1,0,0|41:0,1,0|42:0,0,1
C~t25~chemistry~44:1,1,1|49:1,1,1|55:1,1,1|59:1,1,1|67:1,2,0|68:1,2,0|15:1,1,0|46:1,1,0|48:0,1,1|54:1,1,0|58:0,1,1|60:1,1,0|63:0,1,1|64:1,1,0|65:0,1,1|66:1,1,0|69:0,1,1|70:1,1,0|45:0,1,0|50:0,1,0|53:0,0,1
C~t25~botany~94:1,3,1|9:1,2,1|8:1,2,1|93:1,2,1|74:1,1,1|75:1,1,1|77:1,1,1|80:1,2,0|106:1,1,1|10:1,1,0|82:1,1,0|105:1,1,0|96:0,1,1|99:1,1,0|73:0,1,0|76:0,1,0|81:0,0,1
C~t25~zoology~83:1,3,1|100:2,2,1|97:2,2,1|11:1,2,1|103:1,2,1|91:1,1,1|101:1,1,1|102:1,2,0|98:1,1,1|84:1,1,0|86:0,1,1|87:1,1,0|88:0,2,0|89:0,1,0|90:0,0,1
C~t26~physics~33:1,1,1|34:1,1,1|19:1,1,0|21:1,1,0|22:1,1,0|23:1,1,0|24:0,1,1|27:1,1,0|31:0,1,1|12:1,1,0|18:0,1,1|32:1,1,0|37:0,1,1|39:1,1,0|41:0,1,1|20:0,1,0|25:0,1,0|26:0,1,0|28:0,1,0|29:1,0,0|3:0,1,0|30:0,0,1|13:1,0,0|35:0,1,0|36:0,0,1|38:1,0,0|40:0,1,0|42:0,0,1
C~t26~chemistry~46:1,1,1|58:1,1,1|63:1,1,1|64:1,1,1|65:1,2,0|15:1,1,0|44:1,1,0|45:1,1,0|48:0,1,1|49:1,1,0|54:0,1,1|55:1,1,0|59:0,1,1|60:1,1,0|66:0,1,1|67:1,1,0|68:0,1,1|69:1,1,0|70:0,2,0|50:0,1,0|53:0,0,1
C~t26~botany~94:2,3,1|93:1,3,1|10:1,1,1|74:1,1,1|75:1,1,1|9:1,1,1|105:1,2,0|8:1,1,1|76:1,1,0|77:1,1,0|80:0,1,1|81:1,1,0|106:0,1,1|96:1,1,0|99:0,2,0|73:0,1,0|82:0,0,1
C~t26~zoology~103:1,3,1|83:1,2,1|100:1,2,1|102:1,2,1|97:1,2,1|11:1,1,1|86:1,1,1|87:1,2,0|88:1,1,1|101:1,2,0|98:1,1,1|90:1,1,0|91:1,1,0|84:0,1,0|89:0,0,1
C~t27~physics~22:1,1,1|26:1,1,1|32:1,1,1|33:1,1,1|20:1,1,0|21:1,1,0|24:1,1,0|3:1,1,0|31:0,1,1|13:1,1,0|18:0,1,1|34:1,1,0|37:0,1,1|19:0,1,0|23:0,1,0|25:0,1,0|27:0,1,0|28:0,1,0|29:0,1,0|30:1,0,0|12:0,1,0|35:0,0,1|36:1,0,0|38:0,1,0|39:0,0,1|40:1,0,0|41:0,1,0|42:0,0,1
C~t27~chemistry~46:1,1,1|48:1,1,1|49:1,1,1|63:1,1,1|65:1,2,0|68:1,2,0|15:1,1,0|44:1,1,0|45:0,1,1|53:1,1,0|54:0,1,1|55:1,1,0|58:0,1,1|59:1,1,0|60:0,1,1|64:1,1,0|66:0,1,1|67:1,1,0|50:0,1,0|69:0,1,0|70:0,0,1
C~t27~botany~94:1,3,1|93:1,2,1|10:1,1,1|74:1,1,1|75:1,1,1|80:1,2,0|9:1,1,1|105:1,2,0|8:1,1,1|76:1,1,0|77:1,1,0|81:0,1,1|82:1,1,0|106:0,1,1|96:1,1,0|99:0,1,1|73:0,1,0
C~t27~zoology~100:1,3,1|97:2,2,1|83:1,2,1|101:1,2,1|103:1,2,1|11:1,1,1|87:1,1,1|91:1,2,0|102:1,1,1|84:1,1,0|86:1,1,0|88:0,1,1|89:1,1,0|98:0,1,1|90:0,1,0
C~t28~physics~34:1,1,1|19:1,1,0|21:1,1,0|22:1,1,0|23:1,1,0|24:0,1,1|26:1,1,0|27:0,1,1|28:1,1,0|12:0,1,1|18:1,1,0|32:0,1,1|33:1,1,0|36:0,1,1|39:1,1,0|40:0,1,1|41:1,1,0|20:0,1,0|25:0,1,0|29:0,1,0|3:0,0,1|30:1,0,0|31:0,1,0|13:0,0,1|35:1,0,0|37:0,1,0|42:0,0,1
C~t28~chemistry~44:1,1,1|49:1,1,1|58:1,1,1|59:1,1,1|67:1,2,0|68:1,2,0|46:1,1,0|48:1,1,0|50:0,1,1|54:1,1,0|55:0,1,1|60:1,1,0|63:0,1,1|64:1,1,0|65:0,1,1|66:1,1,0|69:0,1,1|70:1,1,0|15:0,1,0|45:0,1,0|53:0,0,1
C~t28~botany~93:1,3,1|94:2,2,1|9:1,2,1|8:1,2,1|10:1,1,1|74:1,1,1|75:1,2,0|105:1,1,1|77:1,1,0|80:1,1,0|81:0,1,1|82:1,1,0|106:0,1,1|96:1,1,0|73:0,1,0|76:0,1,0|99:0,0,1
C~t28~zoology~100:1,3,1|103:2,2,1|97:2,2,1|11:1,2,1|83:1,2,1|102:1,2,1|101:1,1,1|98:1,2,0|86:1,1,0|87:0,1,1|88:1,1,0|90:0,1,1|91:1,1,0|84:0,1,0|89:0,0,1
C~t29~physics~18:1,1,1|33:1,1,1|20:1,1,0|21:1,1,0|22:1,1,0|24:1,1,0|26:0,1,1|27:1,1,0|31:0,1,1|12:1,1,0|13:0,1,1|32:1,1,0|34:0,1,1|37:1,1,0|39:0,1,1|19:0,1,0|23:0,1,0|25:0,1,0|28:0,1,0|29:1,0,0|3:0,1,0|30:0,0,1|35:1,0,0|36:0,1,0|38:0,0,1|40:1,0,0|41:0,1,0|42:0,0,1
C~t29~chemistry~46:1,1,1|49:1,1,1|63:1,1,1|64:1,1,1|65:1,2,0|68:1,2,0|15:1,1,0|44:1,1,0|45:0,1,1|48:1,1,0|55:0,1,1|58:1,1,0|59:0,1,1|60:1,1,0|66:0,1,1|67:1,1,0|69:0,1,1|70:1,1,0|50:0,1,0|53:0,1,0|54:0,0,1
C~t29~botany~94:2,3,1|93:1,2,1|10:1,1,1|74:1,1,1|75:1,1,1|80:1,2,0|9:1,1,1|105:1,2,0|8:1,1,1|76:1,1,0|77:0,1,1|82:1,1,0|106:0,1,1|96:1,1,0|99:0,2,0|73:0,1,0|81:0,0,1
C~t29~zoology~83:1,3,1|103:2,2,1|100:1,2,1|97:1,2,1|11:1,1,1|87:1,1,1|91:1,2,0|101:1,1,1|102:1,2,0|98:1,1,1|84:1,1,0|86:0,1,1|88:1,1,0|90:0,1,1|89:0,1,0
C~t30~physics~33:1,1,1|34:1,1,1|19:1,1,0|21:1,1,0|22:1,1,0|24:1,1,0|26:0,1,1|29:1,1,0|3:0,1,1|18:1,1,0|32:0,1,1|36:1,1,0|37:0,1,1|41:1,1,0|42:0,1,1|20:0,1,0|23:0,1,0|25:0,1,0|27:0,1,0|28:1,0,0|30:0,1,0|31:0,0,1|12:1,0,0|13:0,1,0|35:0,0,1|38:1,0,0|39:0,1,0|40:0,0,1
C~t30~chemistry~44:1,1,1|55:1,1,1|58:1,1,1|63:1,1,1|65:1,2,0|15:1,1,0|45:1,1,0|46:1,1,0|48:0,1,1|49:1,1,0|53:0,1,1|54:1,1,0|59:0,1,1|60:1,1,0|64:0,1,1|66:1,1,0|67:0,1,1|68:1,1,0|70:0,2,0|50:0,1,0|69:0,0,1
C~t30~botany~93:1,3,1|94:2,2,1|10:1,1,1|74:1,1,1|75:1,1,1|9:1,2,0|105:1,1,1|8:1,2,0|76:1,1,0|77:0,1,1|80:1,1,0|81:0,1,1|82:1,1,0|106:0,1,1|96:1,1,0|99:0,1,1|73:0,1,0
C~t30~zoology~100:1,3,1|97:2,2,1|11:1,2,1|83:1,2,1|102:1,2,1|103:1,2,1|86:1,1,1|91:1,1,1|101:1,2,0|98:1,1,1|87:1,1,0|88:1,1,0|84:0,1,0|89:0,1,0|90:0,0,1
C~t31~physics~22:1,1,1|33:1,1,1|20:1,1,0|21:1,1,0|23:1,1,0|24:1,1,0|26:0,1,1|27:1,1,0|31:0,1,1|12:1,1,0|13:0,1,1|18:1,1,0|32:0,1,1|34:1,1,0|39:0,1,1|19:0,1,0|25:0,1,0|28:0,1,0|29:0,1,0|3:1,0,0|30:0,1,0|35:0,0,1|36:1,0,0|37:0,1,0|38:0,0,1|40:1,0,0|41:0,1,0|42:0,0,1
C~t31~chemistry~46:1,1,1|49:1,1,1|63:1,1,1|64:1,1,1|67:1,2,0|68:1,2,0|15:1,1,0|44:1,1,0|48:0,1,1|54:1,1,0|55:0,1,1|58:1,1,0|59:0,1,1|60:1,1,0|65:0,1,1|66:1,1,0|69:0,1,1|70:1,1,0|45:0,1,0|50:0,1,0|53:0,0,1
C~t31~botany~94:2,3,1|93:1,3,1|9:1,2,1|8:1,2,1|10:1,1,1|74:1,1,1|77:1,1,1|75:1,1,0|80:1,1,0|81:1,1,0|82:0,1,1|105:1,1,0|106:0,1,1|96:1,1,0|99:0,1,1|76:0,1,0
C~t31~zoology~100:1,3,1|103:2,2,1|83:1,2,1|97:1,2,1|11:1,1,1|87:1,1,1|88:1,2,0|101:1,1,1|102:1,2,0|98:1,1,1|84:1,1,0|86:0,1,1|90:1,1,0|91:0,1,1|89:0,1,0
C~t32~physics~33:1,1,1|34:1,1,1|19:1,1,0|21:1,1,0|22:1,1,0|24:1,1,0|26:0,1,1|31:1,1,0|18:0,1,1|32:1,1,0|35:0,1,1|37:1,1,0|39:0,1,1|40:1,1,0|41:0,1,1|20:0,1,0|23:0,1,0|25:0,1,0|27:0,1,0|28:1,0,0|29:0,1,0|3:0,0,1|30:1,0,0|12:0,1,0|13:0,0,1|36:1,0,0|38:0,1,0|42:0,0,1
C~t32~chemistry~49:1,1,1|59:1,1,1|60:1,1,1|65:1,1,1|68:1,2,0|44:1,1,0|45:1,1,0|46:1,1,0|48:0,1,1|50:1,1,0|54:0,1,1|55:1,1,0|58:0,1,1|63:1,1,0|64:0,1,1|66:1,1,0|67:0,1,1|69:1,1,0|70:0,2,0|15:0,1,0|53:0,0,1
C~t32~botany~94:1,3,1|93:1,2,1|10:1,1,1|74:1,1,1|75:1,1,1|80:1,2,0|9:1,1,1|105:1,2,0|8:1,1,1|73:1,1,0|76:1,1,0|77:0,1,1|82:1,1,0|106:0,1,1|96:1,1,0|99:0,1,1|81:0,1,0
C~t32~zoology~83:1,3,1|100:2,2,1|103:2,2,1|97:1,3,1|102:1,2,1|11:1,1,1|91:1,1,1|101:1,2,0|84:1,1,0|86:0,1,1|87:1,1,0|88:0,1,1|98:1,1,0|89:0,1,0|90:0,0,1
C~t33~physics~33:1,1,1|20:1,1,0|21:1,1,0|22:1,1,0|23:1,1,0|24:0,1,1|26:1,1,0|27:0,1,1|28:1,1,0|3:0,1,1|12:1,1,0|18:0,1,1|32:1,1,0|34:0,1,1|36:1,1,0|37:0,1,1|41:1,1,0|19:0,1,0|25:0,1,0|29:0,1,0|30:0,0,1|31:1,0,0|13:0,1,0|35:0,0,1|39:1,0,0|40:0,1,0|42:0,0,1
C~t33~chemistry~46:1,1,1|58:1,1,1|63:1,1,1|68:1,1,1|15:1,1,0|44:1,1,0|45:1,1,0|48:1,1,0|49:0,1,1|53:1,1,0|54:0,1,1|55:1,1,0|59:0,1,1|60:1,1,0|64:0,1,1|65:1,1,0|66:0,1,1|67:0,2,0|69:1,1,0|70:0,1,1|50:0,1,0
C~t33~botany~94:2,3,1|93:1,3,1|75:1,2,1|10:1,1,1|74:1,1,1|9:1,1,1|105:1,2,0|8:1,1,1|76:1,1,0|77:1,1,0|80:0,1,1|81:1,1,0|106:0,1,1|96:1,1,0|73:0,1,0|82:0,1,0|99:0,0,1
C~t33~zoology~103:1,3,1|11:1,2,1|83:1,2,1|100:1,2,1|102:1,2,1|97:1,2,1|86:1,1,1|87:1,1,1|101:1,2,0|98:1,1,1|88:1,1,0|90:1,1,0|91:1,1,0|84:0,1,0|89:0,0,1
C~t34~physics~32:1,1,1|33:1,1,1|34:1,1,1|19:1,1,0|20:1,1,0|21:1,1,0|22:1,1,0|24:0,1,1|26:1,1,0|31:0,1,1|13:1,1,0|18:0,1,1|37:1,1,0|39:0,1,1|23:0,1,0|25:0,1,0|27:0,1,0|28:0,1,0|29:0,1,0|3:1,0,0|30:0,1,0|12:0,0,1|35:1,0,0|36:0,1,0|38:0,0,1|40:1,0,0|41:0,1,0|42:0,0,1
C~t34~chemistry~44:1,1,1|46:1,1,1|49:1,1,1|63:1,1,1|64:1,2,0|65:1,2,0|67:1,1,1|15:1,1,0|48:1,1,0|54:0,1,1|55:1,1,0|58:0,1,1|59:1,1,0|60:0,1,1|66:1,1,0|68:0,1,1|70:1,1,0|45:0,1,0|50:0,1,0|53:0,1,0|69:0,0,1
C~t34~botany~94:1,3,1|9:1,2,1|8:1,2,1|93:1,2,1|10:1,1,1|74:1,1,1|80:1,1,1|105:1,2,0|96:1,1,1|75:1,1,0|77:1,1,0|81:1,1,0|82:0,1,1|106:1,1,0|99:0,1,1|76:0,1,0
C~t34~zoology~100:1,3,1|97:2,2,1|83:1,2,1|103:1,2,1|11:1,1,1|87:1,1,1|91:1,2,0|101:1,1,1|102:1,2,0|98:1,1,1|84:1,1,0|86:0,1,1|88:1,1,0|89:0,1,1|90:0,1,0
C~t35~physics~22:1,1,1|34:1,1,1|21:1,1,0|23:1,1,0|24:1,1,0|26:1,1,0|27:0,1,1|30:1,1,0|12:0,1,1|18:1,1,0|32:0,1,1|33:1,1,0|40:0,1,1|41:1,1,0|42:0,1,1|19:0,1,0|20:0,1,0|25:0,1,0|28:0,1,0|29:1,0,0|3:0,1,0|31:0,0,1|13:1,0,0|35:0,1,0|36:0,0,1|37:1,0,0|38:0,1,0|39:0,0,1
C~t35~chemistry~48:1,1,1|49:1,1,1|58:1,1,1|59:1,1,1|65:1,2,0|68:1,2,0|15:1,1,0|44:1,1,0|45:0,1,1|46:1,1,0|55:0,1,1|60:1,1,0|63:0,1,1|64:1,1,0|66:0,1,1|67:1,1,0|69:0,1,1|70:1,1,0|50:0,1,0|53:0,1,0|54:0,0,1
C~t35~botany~94:2,3,1|93:1,3,1|10:1,1,1|74:1,1,1|75:1,1,1|9:1,1,1|105:1,2,0|8:1,1,1|76:1,1,0|77:1,1,0|80:0,1,1|82:1,1,0|106:0,1,1|96:1,1,0|99:0,2,0|73:0,1,0|81:0,0,1
C~t35~zoology~100:1,3,1|103:2,2,1|11:1,2,1|83:1,2,1|101:1,2,1|97:1,2,1|102:1,1,1|98:1,1,1|84:1,1,0|86:1,1,0|87:1,1,0|88:0,1,1|90:1,1,0|91:0,1,1|89:0,1,0
C~t36~physics~33:1,1,1|19:1,1,0|20:1,1,0|21:1,1,0|22:1,1,0|26:0,1,1|29:1,1,0|3:0,1,1|31:1,1,0|13:0,1,1|18:1,1,0|32:0,1,1|34:1,1,0|36:0,1,1|37:1,1,0|39:0,1,1|23:0,1,0|24:0,1,0|25:0,1,0|27:1,0,0|28:0,1,0|30:0,0,1|12:1,0,0|35:0,1,0|38:0,0,1|40:1,0,0|41:0,1,0|42:0,0,1
C~t36~chemistry~46:1,1,1|49:1,1,1|55:1,1,1|63:1,1,1|68:1,2,0|15:1,1,0|44:1,1,0|45:1,1,0|48:0,1,1|54:1,1,0|58:0,1,1|59:1,1,0|60:0,1,1|64:1,1,0|65:0,1,1|66:1,1,0|67:0,1,1|69:1,1,0|70:0,2,0|50:0,1,0|53:0,0,1
C~t36~botany~93:1,3,1|94:2,2,1|10:1,1,1|74:1,1,1|75:1,1,1|77:1,2,0|9:1,1,1|105:1,2,0|8:1,1,1|80:1,1,0|81:0,1,1|82:1,1,0|106:0,1,1|96:1,1,0|99:0,2,0|73:0,1,0|76:0,0,1
C~t36~zoology~83:1,3,1|100:2,2,1|97:2,2,1|102:1,2,1|103:1,2,1|11:1,1,1|87:1,1,1|91:1,2,0|101:1,1,1|86:1,1,0|88:0,1,1|90:1,1,0|98:0,2,0|84:0,1,0|89:0,0,1
C~t37~physics~33:1,1,1|34:1,1,1|21:1,1,0|22:1,1,0|23:1,1,0|24:1,1,0|26:0,1,1|27:1,1,0|12:0,1,1|18:1,1,0|32:0,1,1|35:1,1,0|37:0,1,1|39:1,1,0|41:0,1,1|19:0,1,0|20:0,1,0|25:0,1,0|28:0,1,0|29:1,0,0|3:0,1,0|30:0,0,1|31:1,0,0|13:0,1,0|36:0,0,1|38:1,0,0|40:0,1,0|42:0,0,1
C~t37~chemistry~44:1,1,1|63:1,1,1|64:1,1,1|65:1,1,1|45:1,1,0|46:1,1,0|48:1,1,0|49:1,1,0|50:0,1,1|53:1,1,0|54:0,1,1|55:1,1,0|58:0,1,1|59:1,1,0|60:0,1,1|66:1,1,0|67:0,1,1|68:0,2,0|69:1,1,0|70:0,1,1|15:0,1,0
C~t37~botany~94:1,3,1|9:1,2,1|8:1,2,1|93:1,2,1|10:1,1,1|74:1,1,1|75:1,1,1|80:1,2,0|76:1,1,0|77:1,1,0|81:1,1,0|82:0,1,1|105:1,1,0|106:0,1,1|96:1,1,0|73:0,1,0|99:0,0,1
C~t37~zoology~103:1,3,1|11:1,2,1|83:1,2,1|100:1,2,1|102:1,2,1|97:1,2,1|86:1,1,1|87:1,1,1|101:1,2,0|98:1,1,1|84:1,1,0|88:1,1,0|91:1,1,0|89:0,1,0|90:0,0,1
C~t38~physics~33:1,1,1|19:1,1,0|20:1,1,0|21:1,1,0|22:1,1,0|24:0,1,1|26:1,1,0|27:0,1,1|28:1,1,0|31:0,1,1|12:1,1,0|13:0,1,1|18:1,1,0|32:0,1,1|34:1,1,0|36:0,1,1|40:1,1,0|23:0,1,0|25:0,1,0|29:0,1,0|3:0,0,1|30:1,0,0|35:0,1,0|37:0,0,1|39:1,0,0|41:0,1,0|42:0,0,1
C~t38~chemistry~46:1,1,1|49:1,1,1|58:1,1,1|63:1,1,1|65:1,2,0|67:1,2,0|68:1,1,1|15:1,1,0|44:1,1,0|48:0,1,1|54:1,1,0|55:0,1,1|59:1,1,0|60:0,1,1|64:1,1,0|66:0,1,1|70:1,1,0|45:0,1,0|50:0,1,0|53:0,1,0|69:0,0,1
C~t38~botany~94:2,3,1|93:1,2,1|10:1,1,1|74:1,1,1|75:1,1,1|9:1,2,0|105:1,1,1|8:1,2,0|76:1,1,0|77:0,1,1|80:1,1,0|81:0,1,1|82:1,1,0|106:0,1,1|96:1,1,0|99:0,1,1|73:0,1,0
C~t38~zoology~100:1,3,1|103:2,2,1|97:2,2,1|83:1,2,1|11:1,2,0|88:1,1,1|91:1,1,1|101:1,1,1|102:1,2,0|98:0,2,1|86:1,1,0|87:0,1,1|90:1,1,0|84:0,1,0|89:0,0,1
C~t39~physics~22:1,1,1|33:1,1,1|34:1,1,1|21:1,1,0|23:1,1,0|24:1,1,0|26:1,1,0|3:0,1,1|31:1,1,0|18:0,1,1|32:1,1,0|37:0,1,1|39:1,1,0|41:0,1,1|19:0,1,0|20:0,1,0|25:0,1,0|27:0,1,0|28:0,1,0|29:1,0,0|30:0,1,0|12:0,0,1|13:1,0,0|35:0,1,0|36:0,0,1|38:1,0,0|40:0,1,0|42:0,0,1
C~t39~chemistry~46:1,1,1|49:1,1,1|59:1,1,1|64:1,1,1|68:1,2,0|15:1,1,0|44:1,1,0|45:1,1,0|48:0,1,1|54:1,1,0|55:0,1,1|58:1,1,0|60:0,1,1|63:1,1,0|65:0,1,1|66:1,1,0|67:0,1,1|69:1,1,0|70:0,2,0|50:0,1,0|53:0,0,1
C~t39~botany~93:1,3,1|94:2,2,1|10:1,1,1|74:1,1,1|75:1,1,1|80:1,2,0|9:1,1,1|105:1,2,0|106:1,1,1|8:1,2,0|77:0,1,1|82:1,1,0|96:0,1,1|99:1,1,0|73:0,1,0|76:0,1,0|81:0,0,1
C~t39~zoology~83:1,3,1|100:2,2,1|97:2,2,1|102:1,2,1|103:1,2,1|11:1,2,0|87:1,1,1|101:1,1,1|98:1,1,1|84:1,1,0|86:0,1,1|88:1,1,0|91:0,2,0|89:0,1,0|90:0,0,1
C~t40~physics~33:1,1,1|19:1,1,0|20:1,1,0|21:1,1,0|22:1,1,0|24:0,1,1|26:1,1,0|27:0,1,1|12:1,1,0|13:0,1,1|18:1,1,0|32:0,1,1|34:1,1,0|37:0,1,1|39:1,1,0|41:0,1,1|23:0,1,0|25:0,1,0|28:0,1,0|29:1,0,0|3:0,1,0|30:0,0,1|31:1,0,0|35:0,1,0|36:0,0,1|38:1,0,0|40:0,1,0|42:0,0,1
C~t40~chemistry~44:1,1,1|49:1,1,1|63:1,1,1|65:1,1,1|68:1,2,0|15:1,1,0|45:1,1,0|46:1,1,0|48:0,1,1|53:1,1,0|55:0,1,1|58:1,1,0|59:0,1,1|60:1,1,0|64:0,1,1|66:1,1,0|67:0,1,1|69:1,1,0|70:0,2,0|50:0,1,0|54:0,0,1
C~t40~botany~94:2,3,1|93:1,3,1|8:1,2,1|10:1,1,1|75:1,1,1|9:1,1,1|105:1,2,0|74:1,1,0|76:1,1,0|77:0,1,1|80:1,1,0|81:0,1,1|106:1,1,0|96:0,1,1|99:1,1,0|73:0,1,0|82:0,0,1
C~t40~zoology~100:1,3,1|103:2,2,1|11:2,2,0|83:1,2,1|97:1,2,1|91:1,1,1|101:1,1,1|102:1,1,1|98:1,2,0|84:0,1,1|86:1,1,0|87:0,1,1|88:1,1,0|90:0,1,1|89:0,1,0
C~t41~physics~32:1,1,1|33:1,1,1|34:1,1,1|21:1,1,0|22:1,1,0|23:1,1,0|24:1,1,0|26:0,1,1|29:1,1,0|31:0,1,1|18:1,1,0|36:0,1,1|37:1,1,0|42:0,1,1|19:0,1,0|20:0,1,0|25:0,1,0|27:0,1,0|28:0,1,0|3:1,0,0|30:0,1,0|12:0,0,1|13:1,0,0|35:0,1,0|38:0,0,1|39:1,0,0|40:0,1,0|41:0,0,1
C~t41~chemistry~46:1,1,1|55:1,1,1|58:1,1,1|60:1,1,1|63:1,2,0|67:1,2,0|44:1,1,0|48:1,1,0|49:0,1,1|50:1,1,0|54:0,1,1|59:1,1,0|64:0,1,1|65:1,1,0|66:0,1,1|68:1,1,0|69:0,1,1|70:1,1,0|15:0,1,0|45:0,1,0|53:0,0,1
C~t41~botany~94:1,3,1|9:1,2,1|93:1,2,1|10:1,1,1|74:1,1,1|75:1,1,1|80:1,2,0|105:1,1,1|8:1,2,0|77:1,1,0|81:1,1,0|82:0,1,1|106:1,1,0|96:0,1,1|99:1,1,0|73:0,1,0|76:0,0,1
C~t41~zoology~103:1,3,1|97:2,2,1|83:1,2,1|100:1,2,1|102:1,2,1|11:1,2,0|86:1,1,1|87:1,1,1|91:1,1,1|101:1,2,0|88:1,1,0|89:0,1,1|98:1,1,0|84:0,1,0|90:0,0,1
C~t42~physics~34:1,1,1|19:1,1,0|20:1,1,0|21:1,1,0|22:1,1,0|24:0,1,1|26:1,1,0|27:0,1,1|3:1,1,0|12:0,1,1|18:1,1,0|32:0,1,1|33:1,1,0|39:0,1,1|40:1,1,0|41:0,1,1|23:0,1,0|25:0,1,0|28:0,1,0|29:1,0,0|30:0,1,0|31:0,0,1|13:1,0,0|35:0,1,0|36:0,0,1|37:1,0,0|38:0,1,0|42:0,0,1
C~t42~chemistry~48:1,1,1|49:1,1,1|59:1,1,1|64:1,1,1|65:1,2,0|68:1,2,0|15:1,1,0|44:1,1,0|45:0,1,1|46:1,1,0|54:0,1,1|55:1,1,0|58:0,1,1|60:1,1,0|63:0,1,1|66:1,1,0|67:0,1,1|70:1,1,0|50:0,1,0|53:0,1,0|69:0,0,1
C~t42~botany~94:2,3,1|93:1,3,1|10:1,1,1|74:1,1,1|75:1,1,1|77:1,1,1|9:1,2,0|105:1,1,1|8:1,2,0|76:1,1,0|80:0,1,1|82:1,1,0|106:0,1,1|96:1,1,0|73:0,1,0|81:0,1,0|99:0,0,1
C~t42~zoology~100:1,3,1|11:2,2,0|83:1,2,1|101:1,2,1|103:1,2,1|97:1,2,1|87:1,1,1|102:1,1,1|98:1,1,1|84:1,1,0|86:1,1,0|88:0,1,1|90:1,1,0|91:0,1,1|89:0,1,0
C~t43~physics~22:1,1,1|33:1,1,1|21:1,1,0|24:1,1,0|26:1,1,0|28:1,1,0|31:0,1,1|12:1,1,0|13:0,1,1|18:1,1,0|32:0,1,1|34:1,1,0|35:0,1,1|36:1,1,0|37:0,1,1|39:1,1,0|19:0,1,0|20:0,1,0|23:0,1,0|25:0,1,0|27:0,0,1|29:1,0,0|3:0,1,0|30:0,0,1|40:1,0,0|41:0,1,0|42:0,0,1
C~t43~chemistry~46:1,1,1|49:1,1,1|58:1,1,1|63:1,1,1|68:1,2,0|15:1,1,0|44:1,1,0|45:1,1,0|48:0,1,1|53:1,1,0|54:0,1,1|55:1,1,0|59:0,1,1|64:1,1,0|65:0,1,1|66:1,1,0|67:0,1,1|69:1,1,0|70:0,2,0|50:0,1,0|60:0,0,1
C~t43~botany~93:1,3,1|94:2,2,1|10:1,1,1|74:1,1,1|75:1,1,1|9:1,2,0|105:1,1,1|8:1,2,0|76:1,1,0|77:0,1,1|80:1,1,0|81:0,1,1|82:1,1,0|106:0,1,1|96:1,1,0|99:0,1,1|73:0,1,0
C~t43~zoology~83:1,3,1|100:2,2,1|103:2,2,1|97:1,3,1|102:1,2,1|11:1,2,0|91:1,1,1|101:1,1,1|98:1,1,1|86:1,1,0|87:0,1,1|88:1,1,0|84:0,1,0|89:0,1,0|90:0,0,1
C~t44~physics~33:1,1,1|34:1,1,1|19:1,1,0|20:1,1,0|21:1,1,0|22:1,1,0|23:0,1,1|24:1,1,0|26:0,1,1|27:1,1,0|31:0,1,1|18:1,1,0|32:0,1,1|37:1,1,0|41:0,1,1|25:0,1,0|28:0,1,0|29:0,1,0|3:0,1,0|30:1,0,0|12:0,1,0|13:0,0,1|35:1,0,0|36:0,1,0|38:0,0,1|39:1,0,0|40:0,1,0|42:0,0,1
C~t44~chemistry~44:1,1,1|46:1,1,1|60:1,1,1|63:1,1,1|65:1,2,0|68:1,2,0|15:1,1,0|48:1,1,0|49:0,1,1|54:1,1,0|55:0,1,1|58:1,1,0|59:0,1,1|64:1,1,0|66:0,1,1|67:1,1,0|69:0,1,1|70:1,1,0|45:0,1,0|50:0,1,0|53:0,0,1
C~t44~botany~94:2,3,1|9:1,2,1|8:1,2,1|93:1,2,1|74:1,1,1|75:1,1,1|80:1,2,0|10:1,1,0|77:1,1,0|81:0,1,1|82:1,1,0|105:0,1,1|106:1,1,0|96:0,1,1|99:1,1,0|73:0,1,0|76:0,0,1
C~t44~zoology~103:1,3,1|83:1,2,1|100:1,2,1|102:1,2,1|97:1,2,1|11:1,2,0|87:1,1,1|88:1,1,1|101:1,1,1|98:1,2,0|84:1,1,0|86:1,1,0|90:0,1,1|91:1,1,0|89:0,0,1
C~t45~physics~26:1,1,1|33:1,1,1|21:1,1,0|22:1,1,0|24:1,1,0|27:1,1,0|3:0,1,1|12:1,1,0|13:0,1,1|18:1,1,0|32:0,1,1|34:1,1,0|39:0,1,1|40:1,1,0|42:0,1,1|19:0,1,0|20:0,1,0|23:0,1,0|25:0,1,0|28:1,0,0|29:0,1,0|30:0,0,1|31:1,0,0|35:0,1,0|36:0,0,1|37:1,0,0|38:0,1,0|41:0,0,1
C~t45~chemistry~49:1,1,1|58:1,1,1|63:1,1,1|64:1,1,1|65:1,2,0|67:1,2,0|15:1,1,0|44:1,1,0|45:0,1,1|46:1,1,0|48:0,1,1|55:1,1,0|59:0,1,1|60:1,1,0|66:0,1,1|68:1,1,0|69:0,1,1|70:1,1,0|50:0,1,0|53:0,1,0|54:0,0,1
C~t45~botany~93:1,3,1|94:2,2,1|10:1,1,1|74:1,1,1|75:1,1,1|9:1,2,0|105:1,1,1|8:1,2,0|76:1,1,0|77:0,1,1|80:1,1,0|81:0,1,1|82:1,1,0|106:0,1,1|96:1,1,0|99:0,1,1|73:0,1,0
C~t45~zoology~100:1,3,1|97:2,2,1|11:2,2,0|83:1,2,1|103:1,2,1|86:1,1,1|91:1,1,1|101:1,1,1|102:1,2,0|84:0,1,1|87:1,1,0|88:0,1,1|90:1,1,0|98:0,1,1|89:0,1,0
C~t46~physics~33:1,1,1|34:1,1,1|19:1,1,0|20:1,1,0|21:1,1,0|22:1,1,0|23:0,1,1|24:1,1,0|31:0,1,1|18:1,1,0|32:0,1,1|36:1,1,0|37:0,1,1|39:1,1,0|41:0,1,1|25:0,1,0|26:0,1,0|27:0,1,0|28:0,1,0|29:1,0,0|3:0,1,0|30:0,0,1|12:1,0,0|13:0,1,0|35:0,0,1|38:1,0,0|40:0,1,0|42:0,0,1
C~t46~chemistry~44:1,1,1|46:1,1,1|49:1,1,1|59:1,1,1|68:1,2,0|45:1,1,0|48:1,1,0|50:1,1,0|53:0,1,1|54:1,1,0|55:0,1,1|58:1,1,0|60:0,1,1|63:1,1,0|64:0,1,1|65:1,1,0|66:0,1,1|67:1,1,0|70:0,2,0|15:0,1,0|69:0,0,1
C~t46~botany~94:2,3,1|93:1,2,1|10:1,1,1|74:1,1,1|75:1,1,1|80:1,2,0|9:1,1,1|105:1,2,0|8:1,1,1|96:1,2,0|76:0,1,1|77:1,1,0|106:0,1,1|99:1,1,0|73:0,1,0|81:0,1,0|82:0,0,1
C~t46~zoology~83:1,3,1|100:2,2,1|103:2,2,1|97:1,3,1|102:1,2,1|11:1,2,0|87:1,1,1|101:1,1,1|98:1,1,1|86:1,1,0|88:0,1,1|91:1,1,0|84:0,1,0|89:0,1,0|90:0,0,1
